#include <stdint.h>

const uint8_t BLOB1[] = {
0, 0, 0, 0, 0, 0, 0, 0, 0, 0, 0, 0, 0, 0, 0, 0, 0, 0, 0, 
0, 0, 0, 0, 0, 0, 0, 0, 0, 0, 0, 0, 0, 0, 0, 0, 0, 0, 0, 
0, 0, 0, 0, 0, 0, 0, 0, 0, 0, 0, 0, 0, 0, 0, 0, 0, 0, 0, 
0, 0, 0, 0, 0, 0, 0, 0, 0, 0, 0, 0, 0, 0, 0, 0, 0, 0, 0, 
0, 0, 0, 0, 0, 0, 0, 0, 0, 0, 0, 0, 0, 0, 0, 0, 0, 0, 0, 
0, 0, 0, 0, 0, 0, 0, 0, 127, 127, 127, 0, 0, 0, 0, 0, 0, 0, 0,
0, 0, 0, 0, 0, 0, 0, 127, 127, 127, 127, 127, 0, 0, 0, 0, 0, 0, 0,
0, 0, 0, 0, 0, 0, 127, 127, 127, 127, 127, 127, 127, 0, 0, 0, 0, 0, 0,
0, 0, 0, 0, 0, 127, 127, 127, 127, 127, 127, 127, 127, 127, 0, 0, 0, 0, 0,
0, 0, 0, 0, 0, 127, 127, 127, 127, 127, 127, 127, 127, 127, 0, 0, 0, 0, 0,
0, 0, 0, 0, 0, 127, 127, 127, 127, 127, 127, 127, 127, 127, 0, 0, 0, 0, 0,
0, 0, 0, 0, 0, 0, 127, 127, 127, 127, 127, 127, 127, 0, 0, 0, 0, 0, 0,
0, 0, 0, 0, 0, 0, 0, 127, 127, 127, 127, 127, 0, 0, 0, 0, 0, 0, 0,
0, 0, 0, 0, 0, 0, 0, 0, 127, 127, 127, 0, 0, 0, 0, 0, 0, 0, 0,
0, 0, 0, 0, 0, 0, 0, 0, 0, 0, 0, 0, 0, 0, 0, 0, 0, 0, 0, 
0, 0, 0, 0, 0, 0, 0, 0, 0, 0, 0, 0, 0, 0, 0, 0, 0, 0, 0, 
0, 0, 0, 0, 0, 0, 0, 0, 0, 0, 0, 0, 0, 0, 0, 0, 0, 0, 0, 
0, 0, 0, 0, 0, 0, 0, 0, 0, 0, 0, 0, 0, 0, 0, 0, 0, 0, 0, 
0, 0, 0, 0, 0, 0, 0, 0, 0, 0, 0, 0, 0, 0, 0, 0, 0, 0, 0, 
};

const uint8_t BLOB2[] = {
0, 0, 0, 0, 0, 0, 0, 0, 0, 0, 0, 0, 0, 0, 0, 0, 0, 0, 0, 
0, 0, 0, 0, 0, 0, 0, 0, 0, 0, 0, 0, 0, 0, 0, 0, 0, 0, 0, 
0, 0, 0, 0, 0, 0, 0, 0, 0, 0, 0, 0, 0, 0, 0, 0, 0, 0, 0, 
0, 0, 0, 0, 0, 0, 0, 0, 0, 0, 0, 0, 0, 0, 0, 0, 0, 0, 0, 
0, 0, 0, 0, 0, 0, 0, 14, 28, 42, 28, 14, 0, 0, 0, 0, 0, 0, 0,
0, 0, 0, 0, 0, 0, 14, 42, 70, 85, 70, 42, 14, 0, 0, 0, 0, 0, 0,
0, 0, 0, 0, 0, 14, 42, 85, 113, 127, 113, 85, 42, 14, 0, 0, 0, 0, 0,
0, 0, 0, 0, 14, 42, 85, 113, 127, 127, 127, 113, 85, 42, 14, 0, 0, 0, 0,
0, 0, 0, 0, 28, 70, 113, 127, 127, 127, 127, 127, 113, 70, 28, 0, 0, 0, 0,
0, 0, 0, 0, 42, 85, 127, 127, 127, 127, 127, 127, 127, 85, 42, 0, 0, 0, 0,
0, 0, 0, 0, 28, 70, 113, 127, 127, 127, 127, 127, 113, 70, 28, 0, 0, 0, 0,
0, 0, 0, 0, 14, 42, 85, 113, 127, 127, 127, 113, 85, 42, 14, 0, 0, 0, 0,
0, 0, 0, 0, 0, 14, 42, 85, 113, 127, 113, 85, 42, 14, 0, 0, 0, 0, 0,
0, 0, 0, 0, 0, 0, 14, 42, 70, 85, 70, 42, 14, 0, 0, 0, 0, 0, 0,
0, 0, 0, 0, 0, 0, 0, 14, 28, 42, 28, 14, 0, 0, 0, 0, 0, 0, 0,
0, 0, 0, 0, 0, 0, 0, 0, 0, 0, 0, 0, 0, 0, 0, 0, 0, 0, 0, 
0, 0, 0, 0, 0, 0, 0, 0, 0, 0, 0, 0, 0, 0, 0, 0, 0, 0, 0, 
0, 0, 0, 0, 0, 0, 0, 0, 0, 0, 0, 0, 0, 0, 0, 0, 0, 0, 0, 
0, 0, 0, 0, 0, 0, 0, 0, 0, 0, 0, 0, 0, 0, 0, 0, 0, 0, 0, 
};

const uint8_t BLOB3[] = {
0, 0, 0, 0, 0, 0, 0, 0, 0, 0, 0, 0, 0, 0, 0, 0, 0, 0, 0, 
0, 0, 0, 0, 0, 0, 0, 0, 0, 0, 0, 0, 0, 0, 0, 0, 0, 0, 0, 
0, 0, 0, 0, 0, 0, 0, 0, 0, 0, 0, 0, 0, 0, 0, 0, 0, 0, 0, 
0, 0, 0, 0, 0, 0, 5, 10, 15, 15, 15, 10, 5, 0, 0, 0, 0, 0, 0, 
0, 0, 0, 0, 0, 5, 15, 25, 35, 40, 35, 25, 15, 5, 0, 0, 0, 0, 0,
0, 0, 0, 0, 5, 15, 30, 45, 61, 66, 61, 45, 30, 15, 5, 0, 0, 0, 0,
0, 0, 0, 5, 15, 30, 51, 71, 86, 91, 86, 71, 51, 30, 15, 5, 0, 0, 0,
0, 0, 0, 10, 25, 45, 71, 96, 112, 117, 112, 96, 71, 45, 25, 10, 0, 0, 0,
0, 0, 0, 15, 35, 61, 86, 112, 122, 127, 122, 112, 86, 61, 35, 15, 0, 0, 0,
0, 0, 0, 15, 40, 66, 91, 117, 127, 127, 127, 117, 91, 66, 40, 15, 0, 0, 0,
0, 0, 0, 15, 35, 61, 86, 112, 122, 127, 122, 112, 86, 61, 35, 15, 0, 0, 0,
0, 0, 0, 10, 25, 45, 71, 96, 112, 117, 112, 96, 71, 45, 25, 10, 0, 0, 0,
0, 0, 0, 5, 15, 30, 51, 71, 86, 91, 86, 71, 51, 30, 15, 5, 0, 0, 0,
0, 0, 0, 0, 5, 15, 30, 45, 61, 66, 61, 45, 30, 15, 5, 0, 0, 0, 0,
0, 0, 0, 0, 0, 5, 15, 25, 35, 40, 35, 25, 15, 5, 0, 0, 0, 0, 0,
0, 0, 0, 0, 0, 0, 5, 10, 15, 15, 15, 10, 5, 0, 0, 0, 0, 0, 0, 
0, 0, 0, 0, 0, 0, 0, 0, 0, 0, 0, 0, 0, 0, 0, 0, 0, 0, 0, 
0, 0, 0, 0, 0, 0, 0, 0, 0, 0, 0, 0, 0, 0, 0, 0, 0, 0, 0, 
0, 0, 0, 0, 0, 0, 0, 0, 0, 0, 0, 0, 0, 0, 0, 0, 0, 0, 0, 
};

const uint8_t BLOB4[] = {
0, 0, 0, 0, 0, 0, 0, 0, 0, 0, 0, 0, 0, 0, 0, 0, 0, 0, 0, 
0, 0, 0, 0, 0, 0, 0, 0, 0, 0, 0, 0, 0, 0, 0, 0, 0, 0, 0, 
0, 0, 0, 0, 0, 2, 5, 7, 7, 7, 7, 7, 5, 2, 0, 0, 0, 0, 0,
0, 0, 0, 0, 2, 7, 13, 18, 20, 20, 20, 18, 13, 7, 2, 0, 0, 0, 0,
0, 0, 0, 2, 7, 15, 23, 31, 36, 39, 36, 31, 23, 15, 7, 2, 0, 0, 0,
0, 0, 2, 7, 15, 26, 36, 46, 54, 57, 54, 46, 36, 26, 15, 7, 2, 0, 0,
0, 0, 5, 13, 23, 36, 49, 62, 72, 75, 72, 62, 49, 36, 23, 13, 5, 0, 0,
0, 0, 7, 18, 31, 46, 62, 78, 91, 93, 91, 78, 62, 46, 31, 18, 7, 0, 0,
0, 0, 7, 20, 36, 54, 72, 91, 106, 111, 106, 91, 72, 54, 36, 20, 7, 0, 0,
0, 0, 7, 20, 39, 57, 75, 93, 111, 117, 111, 93, 75, 57, 39, 20, 7, 0, 0,
0, 0, 7, 20, 36, 54, 72, 91, 106, 111, 106, 91, 72, 54, 36, 20, 7, 0, 0,
0, 0, 7, 18, 31, 46, 62, 78, 91, 93, 91, 78, 62, 46, 31, 18, 7, 0, 0,
0, 0, 5, 13, 23, 36, 49, 62, 72, 75, 72, 62, 49, 36, 23, 13, 5, 0, 0,
0, 0, 2, 7, 15, 26, 36, 46, 54, 57, 54, 46, 36, 26, 15, 7, 2, 0, 0,
0, 0, 0, 2, 7, 15, 23, 31, 36, 39, 36, 31, 23, 15, 7, 2, 0, 0, 0,
0, 0, 0, 0, 2, 7, 13, 18, 20, 20, 20, 18, 13, 7, 2, 0, 0, 0, 0,
0, 0, 0, 0, 0, 2, 5, 7, 7, 7, 7, 7, 5, 2, 0, 0, 0, 0, 0,
0, 0, 0, 0, 0, 0, 0, 0, 0, 0, 0, 0, 0, 0, 0, 0, 0, 0, 0, 
0, 0, 0, 0, 0, 0, 0, 0, 0, 0, 0, 0, 0, 0, 0, 0, 0, 0, 0, 
};

const uint8_t BLOB5[] = {
0, 0, 0, 0, 0, 0, 0, 0, 0, 0, 0, 0, 0, 0, 0, 0, 0, 0, 0, 
0, 0, 0, 0, 0, 3, 4, 4, 4, 4, 4, 4, 4, 4, 0, 0, 0, 0, 0,
0, 0, 0, 3, 4, 7, 11, 11, 12, 12, 12, 12, 11, 7, 4, 0, 0, 0, 0,
0, 0, 0, 4, 9, 12, 18, 23, 23, 23, 23, 23, 18, 14, 9, 4, 3, 0, 0,
0, 0, 4, 9, 14, 23, 29, 33, 36, 36, 36, 33, 29, 23, 18, 9, 4, 0, 0,
0, 3, 9, 14, 23, 29, 36, 44, 48, 51, 48, 44, 36, 29, 23, 11, 7, 3, 0,
0, 4, 12, 18, 29, 36, 48, 55, 61, 66, 61, 55, 48, 36, 29, 18, 11, 4, 0,
0, 4, 11, 23, 33, 44, 55, 64, 72, 77, 72, 64, 55, 44, 33, 23, 12, 4, 0,
0, 4, 12, 23, 36, 48, 61, 72, 80, 85, 80, 72, 61, 48, 33, 23, 12, 4, 0,
0, 4, 12, 23, 36, 51, 66, 77, 85, 89, 85, 77, 66, 51, 36, 23, 12, 4, 0,
0, 4, 12, 23, 33, 51, 61, 72, 80, 85, 80, 72, 61, 48, 36, 23, 12, 4, 0,
0, 4, 11, 23, 33, 44, 55, 64, 72, 77, 72, 64, 55, 44, 33, 23, 12, 4, 0,
0, 4, 11, 18, 29, 36, 47, 55, 61, 66, 61, 55, 47, 37, 29, 18, 12, 4, 0,
0, 4, 9, 11, 23, 29, 36, 44, 48, 51, 48, 44, 36, 29, 23, 12, 7, 3, 0,
0, 0, 4, 11, 14, 23, 29, 33, 36, 36, 33, 33, 29, 23, 12, 9, 4, 3, 0,
0, 0, 0, 4, 9, 14, 18, 23, 23, 23, 23, 22, 18, 14, 9, 4, 0, 0, 0,
0, 0, 0, 3, 4, 7, 12, 11, 12, 12, 11, 12, 11, 9, 4, 3, 0, 0, 0,
0, 0, 0, 0, 0, 3, 4, 4, 4, 4, 4, 4, 4, 3, 0, 0, 0, 0, 0,
0, 0, 0, 0, 0, 0, 0, 0, 0, 0, 0, 0, 0, 0, 0, 0, 0, 0, 0, 
};

const uint8_t BLOB6[] = {
0, 0, 0, 0, 3, 3, 3, 3, 3, 3, 3, 3, 3, 3, 3, 0, 0, 0, 0, 
0, 0, 0, 3, 5, 7, 8, 8, 8, 8, 8, 8, 7, 7, 5, 5, 0, 0, 0, 
0, 0, 5, 7, 8, 12, 15, 15, 15, 15, 15, 15, 15, 12, 8, 7, 3, 0, 0,
0, 3, 5, 10, 15, 18, 20, 25, 25, 25, 25, 25, 20, 18, 15, 10, 7, 3, 0,
3, 5, 8, 15, 20, 25, 29, 32, 34, 34, 34, 32, 29, 25, 18, 15, 8, 5, 3,
3, 7, 12, 18, 25, 31, 36, 41, 44, 44, 44, 41, 36, 31, 25, 18, 12, 7, 3,
3, 8, 15, 20, 29, 36, 43, 48, 51, 51, 51, 48, 43, 36, 31, 22, 15, 8, 3,
3, 8, 15, 25, 32, 41, 48, 53, 56, 56, 56, 53, 48, 41, 32, 22, 15, 8, 3,
3, 8, 15, 25, 34, 44, 51, 56, 60, 60, 60, 56, 51, 44, 34, 25, 15, 8, 3,
3, 8, 15, 25, 34, 44, 51, 56, 60, 60, 60, 56, 51, 43, 34, 25, 15, 8, 3,
3, 8, 15, 25, 34, 43, 51, 56, 60, 60, 60, 56, 51, 44, 34, 25, 15, 7, 3,
3, 8, 15, 25, 32, 41, 48, 53, 56, 56, 56, 53, 48, 41, 32, 25, 15, 8, 3,
3, 8, 15, 20, 29, 36, 43, 48, 51, 51, 51, 48, 43, 36, 29, 22, 15, 7, 3,
3, 7, 12, 18, 25, 31, 36, 41, 44, 44, 44, 41, 36, 31, 25, 18, 12, 7, 3,
3, 5, 8, 15, 20, 25, 29, 32, 34, 34, 34, 32, 29, 25, 20, 15, 8, 5, 3,
0, 3, 5, 10, 15, 18, 20, 25, 25, 25, 25, 25, 20, 18, 15, 10, 5, 3, 0,
0, 0, 5, 7, 8, 12, 15, 15, 15, 15, 15, 15, 15, 12, 8, 7, 3, 0, 0,
0, 0, 0, 3, 5, 7, 8, 8, 8, 8, 8, 8, 8, 7, 5, 5, 0, 0, 0, 
0, 0, 0, 3, 3, 3, 3, 3, 3, 3, 3, 3, 3, 3, 3, 0, 0, 0, 0, 
};
